{
 "cells": [
  {
   "cell_type": "code",
   "execution_count": 1,
   "metadata": {},
   "outputs": [],
   "source": [
    "from bertopic import BERTopic\n",
    "import os\n",
    "os.chdir(\"..\")\n",
    "os.chdir(\"src\")\n",
    "import pandas as pd\n",
    "from evaluate_bertopic import load_model_outputs, word_cloud_bertopic, get_bertopic_params\n",
    "os.chdir(\"..\")"
   ]
  },
  {
   "cell_type": "markdown",
   "metadata": {},
   "source": [
    "## Get parameters"
   ]
  },
  {
   "cell_type": "markdown",
   "metadata": {},
   "source": [
    "##### HDBSCAN"
   ]
  },
  {
   "cell_type": "code",
   "execution_count": 2,
   "metadata": {},
   "outputs": [],
   "source": [
    "model_params_hdbscan = []\n",
    "topn_list = [5, 6, 7, 8, 9, 10]\n",
    "for t in topn_list:    \n",
    "    topic_model, topics, probs = load_model_outputs(\n",
    "        f\"models/bertopic/topn_{t}/hdbscan/best_model\"\n",
    "        )\n",
    "    params = get_bertopic_params(topic_model)\n",
    "    model_params_hdbscan.append(params)   "
   ]
  },
  {
   "cell_type": "code",
   "execution_count": 3,
   "metadata": {},
   "outputs": [
    {
     "data": {
      "text/html": [
       "<div>\n",
       "<style scoped>\n",
       "    .dataframe tbody tr th:only-of-type {\n",
       "        vertical-align: middle;\n",
       "    }\n",
       "\n",
       "    .dataframe tbody tr th {\n",
       "        vertical-align: top;\n",
       "    }\n",
       "\n",
       "    .dataframe thead th {\n",
       "        text-align: right;\n",
       "    }\n",
       "</style>\n",
       "<table border=\"1\" class=\"dataframe\">\n",
       "  <thead>\n",
       "    <tr style=\"text-align: right;\">\n",
       "      <th></th>\n",
       "      <th>n_components</th>\n",
       "      <th>n_neighbors</th>\n",
       "      <th>min_dist</th>\n",
       "      <th>nr_topics</th>\n",
       "      <th>min_cluster_size</th>\n",
       "      <th>max_cluster_size</th>\n",
       "      <th>min_samples</th>\n",
       "      <th>alpha</th>\n",
       "    </tr>\n",
       "  </thead>\n",
       "  <tbody>\n",
       "    <tr>\n",
       "      <th>0</th>\n",
       "      <td>4</td>\n",
       "      <td>38</td>\n",
       "      <td>0.75</td>\n",
       "      <td>19</td>\n",
       "      <td>34</td>\n",
       "      <td>31000</td>\n",
       "      <td>5</td>\n",
       "      <td>0.8</td>\n",
       "    </tr>\n",
       "    <tr>\n",
       "      <th>1</th>\n",
       "      <td>5</td>\n",
       "      <td>28</td>\n",
       "      <td>0.90</td>\n",
       "      <td>14</td>\n",
       "      <td>26</td>\n",
       "      <td>46000</td>\n",
       "      <td>10</td>\n",
       "      <td>1.1</td>\n",
       "    </tr>\n",
       "    <tr>\n",
       "      <th>2</th>\n",
       "      <td>11</td>\n",
       "      <td>44</td>\n",
       "      <td>0.60</td>\n",
       "      <td>14</td>\n",
       "      <td>18</td>\n",
       "      <td>37000</td>\n",
       "      <td>25</td>\n",
       "      <td>1.0</td>\n",
       "    </tr>\n",
       "    <tr>\n",
       "      <th>3</th>\n",
       "      <td>7</td>\n",
       "      <td>34</td>\n",
       "      <td>0.75</td>\n",
       "      <td>22</td>\n",
       "      <td>22</td>\n",
       "      <td>30000</td>\n",
       "      <td>5</td>\n",
       "      <td>1.2</td>\n",
       "    </tr>\n",
       "    <tr>\n",
       "      <th>4</th>\n",
       "      <td>7</td>\n",
       "      <td>30</td>\n",
       "      <td>0.60</td>\n",
       "      <td>28</td>\n",
       "      <td>30</td>\n",
       "      <td>39000</td>\n",
       "      <td>19</td>\n",
       "      <td>1.7</td>\n",
       "    </tr>\n",
       "    <tr>\n",
       "      <th>5</th>\n",
       "      <td>11</td>\n",
       "      <td>14</td>\n",
       "      <td>0.90</td>\n",
       "      <td>18</td>\n",
       "      <td>24</td>\n",
       "      <td>50000</td>\n",
       "      <td>25</td>\n",
       "      <td>1.3</td>\n",
       "    </tr>\n",
       "  </tbody>\n",
       "</table>\n",
       "</div>"
      ],
      "text/plain": [
       "   n_components  n_neighbors  min_dist  nr_topics  min_cluster_size  \\\n",
       "0             4           38      0.75         19                34   \n",
       "1             5           28      0.90         14                26   \n",
       "2            11           44      0.60         14                18   \n",
       "3             7           34      0.75         22                22   \n",
       "4             7           30      0.60         28                30   \n",
       "5            11           14      0.90         18                24   \n",
       "\n",
       "   max_cluster_size  min_samples  alpha  \n",
       "0             31000            5    0.8  \n",
       "1             46000           10    1.1  \n",
       "2             37000           25    1.0  \n",
       "3             30000            5    1.2  \n",
       "4             39000           19    1.7  \n",
       "5             50000           25    1.3  "
      ]
     },
     "execution_count": 3,
     "metadata": {},
     "output_type": "execute_result"
    }
   ],
   "source": [
    "bertopic_hdbscan_params = pd.DataFrame(model_params_hdbscan)\n",
    "bertopic_hdbscan_params"
   ]
  },
  {
   "cell_type": "code",
   "execution_count": 7,
   "metadata": {},
   "outputs": [
    {
     "data": {
      "text/plain": [
       "'\\\\begin{tabular}{lrrrrrrrr}\\n\\\\toprule\\n & n_components & n_neighbors & min_dist & nr_topics & min_cluster_size & max_cluster_size & min_samples & alpha \\\\\\\\\\n\\\\midrule\\n0 & 4 & 38 & 0.750000 & 19 & 34 & 31000 & 5 & 0.800000 \\\\\\\\\\n1 & 5 & 28 & 0.900000 & 14 & 26 & 46000 & 10 & 1.100000 \\\\\\\\\\n2 & 11 & 44 & 0.600000 & 14 & 18 & 37000 & 25 & 1.000000 \\\\\\\\\\n3 & 7 & 34 & 0.750000 & 22 & 22 & 30000 & 5 & 1.200000 \\\\\\\\\\n4 & 7 & 30 & 0.600000 & 28 & 30 & 39000 & 19 & 1.700000 \\\\\\\\\\n5 & 11 & 14 & 0.900000 & 18 & 24 & 50000 & 25 & 1.300000 \\\\\\\\\\n\\\\bottomrule\\n\\\\end{tabular}\\n'"
      ]
     },
     "execution_count": 7,
     "metadata": {},
     "output_type": "execute_result"
    }
   ],
   "source": [
    "bertopic_hdbscan_params.to_latex()"
   ]
  },
  {
   "cell_type": "markdown",
   "metadata": {},
   "source": [
    "##### K-Means"
   ]
  },
  {
   "cell_type": "code",
   "execution_count": 4,
   "metadata": {},
   "outputs": [],
   "source": [
    "model_params_kmeans = []\n",
    "topn_list = [5, 6, 7, 8, 9, 10]\n",
    "for t in topn_list:    \n",
    "    topic_model, topics, probs = load_model_outputs(\n",
    "        f\"models/bertopic/topn_{t}/kmeans/best_model\"\n",
    "        )\n",
    "    params = get_bertopic_params(topic_model)\n",
    "    model_params_kmeans.append(params)   "
   ]
  },
  {
   "cell_type": "code",
   "execution_count": 5,
   "metadata": {},
   "outputs": [
    {
     "data": {
      "text/html": [
       "<div>\n",
       "<style scoped>\n",
       "    .dataframe tbody tr th:only-of-type {\n",
       "        vertical-align: middle;\n",
       "    }\n",
       "\n",
       "    .dataframe tbody tr th {\n",
       "        vertical-align: top;\n",
       "    }\n",
       "\n",
       "    .dataframe thead th {\n",
       "        text-align: right;\n",
       "    }\n",
       "</style>\n",
       "<table border=\"1\" class=\"dataframe\">\n",
       "  <thead>\n",
       "    <tr style=\"text-align: right;\">\n",
       "      <th></th>\n",
       "      <th>n_components</th>\n",
       "      <th>n_neighbors</th>\n",
       "      <th>min_dist</th>\n",
       "      <th>nr_topics</th>\n",
       "      <th>n_clusters</th>\n",
       "      <th>n_init</th>\n",
       "      <th>max_iter</th>\n",
       "    </tr>\n",
       "  </thead>\n",
       "  <tbody>\n",
       "    <tr>\n",
       "      <th>0</th>\n",
       "      <td>11</td>\n",
       "      <td>16</td>\n",
       "      <td>0.55</td>\n",
       "      <td>30</td>\n",
       "      <td>60</td>\n",
       "      <td>12</td>\n",
       "      <td>310</td>\n",
       "    </tr>\n",
       "    <tr>\n",
       "      <th>1</th>\n",
       "      <td>13</td>\n",
       "      <td>20</td>\n",
       "      <td>0.35</td>\n",
       "      <td>15</td>\n",
       "      <td>135</td>\n",
       "      <td>7</td>\n",
       "      <td>250</td>\n",
       "    </tr>\n",
       "    <tr>\n",
       "      <th>2</th>\n",
       "      <td>9</td>\n",
       "      <td>16</td>\n",
       "      <td>0.75</td>\n",
       "      <td>14</td>\n",
       "      <td>100</td>\n",
       "      <td>20</td>\n",
       "      <td>430</td>\n",
       "    </tr>\n",
       "    <tr>\n",
       "      <th>3</th>\n",
       "      <td>14</td>\n",
       "      <td>24</td>\n",
       "      <td>0.35</td>\n",
       "      <td>23</td>\n",
       "      <td>125</td>\n",
       "      <td>6</td>\n",
       "      <td>320</td>\n",
       "    </tr>\n",
       "    <tr>\n",
       "      <th>4</th>\n",
       "      <td>13</td>\n",
       "      <td>26</td>\n",
       "      <td>0.35</td>\n",
       "      <td>20</td>\n",
       "      <td>70</td>\n",
       "      <td>16</td>\n",
       "      <td>270</td>\n",
       "    </tr>\n",
       "    <tr>\n",
       "      <th>5</th>\n",
       "      <td>10</td>\n",
       "      <td>14</td>\n",
       "      <td>0.60</td>\n",
       "      <td>22</td>\n",
       "      <td>100</td>\n",
       "      <td>20</td>\n",
       "      <td>470</td>\n",
       "    </tr>\n",
       "  </tbody>\n",
       "</table>\n",
       "</div>"
      ],
      "text/plain": [
       "   n_components  n_neighbors  min_dist  nr_topics  n_clusters  n_init  \\\n",
       "0            11           16      0.55         30          60      12   \n",
       "1            13           20      0.35         15         135       7   \n",
       "2             9           16      0.75         14         100      20   \n",
       "3            14           24      0.35         23         125       6   \n",
       "4            13           26      0.35         20          70      16   \n",
       "5            10           14      0.60         22         100      20   \n",
       "\n",
       "   max_iter  \n",
       "0       310  \n",
       "1       250  \n",
       "2       430  \n",
       "3       320  \n",
       "4       270  \n",
       "5       470  "
      ]
     },
     "execution_count": 5,
     "metadata": {},
     "output_type": "execute_result"
    }
   ],
   "source": [
    "bertopic_kmeans_params = pd.DataFrame(model_params_kmeans)\n",
    "bertopic_kmeans_params"
   ]
  },
  {
   "cell_type": "markdown",
   "metadata": {},
   "source": [
    "# Visualize"
   ]
  },
  {
   "cell_type": "code",
   "execution_count": 19,
   "metadata": {},
   "outputs": [
    {
     "data": {
      "application/vnd.plotly.v1+json": {
       "config": {
        "plotlyServerURL": "https://plot.ly"
       },
       "data": [
        {
         "coloraxis": "coloraxis",
         "hovertemplate": "x: %{x}<br>y: %{y}<br>Similarity Score: %{z}<extra></extra>",
         "name": "0",
         "type": "heatmap",
         "x": [
          "0_infraestrutura_construcao...",
          "1_humana_inserviveis_emprei...",
          "2_hospitalares_hospital_hos...",
          "3_escolas_escolar_escolares",
          "4_agricultura_alimenticios_...",
          "5_gasolina_combustivel_equi...",
          "6_pneus_pneu_rodas",
          "7_diesel_gasolina_combustivel",
          "8_higiene_desodorante_higie...",
          "9_pagamento_institucional_i...",
          "10_fotovoltaica_fotovoltaic...",
          "11_arbitragens_arbitragem_t...",
          "12_oxigenoterapia_oxigeniot...",
          "13_antigenos_imunocromatogr...",
          "14_envelopes_horario_gabinete",
          "15_coffee_cafeteira_cafe",
          "16_livros_livro_literatura",
          "17_licenca_licencas_softwares"
         ],
         "xaxis": "x",
         "y": [
          "0_infraestrutura_construcao...",
          "1_humana_inserviveis_emprei...",
          "2_hospitalares_hospital_hos...",
          "3_escolas_escolar_escolares",
          "4_agricultura_alimenticios_...",
          "5_gasolina_combustivel_equi...",
          "6_pneus_pneu_rodas",
          "7_diesel_gasolina_combustivel",
          "8_higiene_desodorante_higie...",
          "9_pagamento_institucional_i...",
          "10_fotovoltaica_fotovoltaic...",
          "11_arbitragens_arbitragem_t...",
          "12_oxigenoterapia_oxigeniot...",
          "13_antigenos_imunocromatogr...",
          "14_envelopes_horario_gabinete",
          "15_coffee_cafeteira_cafe",
          "16_livros_livro_literatura",
          "17_licenca_licencas_softwares"
         ],
         "yaxis": "y",
         "z": [
          [
           0.9999999999999994,
           0.7415113772284622,
           0.7508057319256229,
           0.767213735430224,
           0.48652830259469926,
           0.6413129183085893,
           0.6508459937621234,
           0.5665565448600683,
           0.6128775044116601,
           0.689019087183852,
           0.6499510971621212,
           0.5660967901834226,
           0.521390378488162,
           0.3817610728655956,
           0.7013550586197084,
           0.3476349737670553,
           0.5157821557300566,
           0.5293769322851083
          ],
          [
           0.7415113772284622,
           1,
           0.7405604940321244,
           0.7267016229177838,
           0.5586952959051646,
           0.6100347536794244,
           0.4692820574216333,
           0.438417777112648,
           0.5117248048901037,
           0.7075082629675641,
           0.4382963403697729,
           0.4733968196111072,
           0.42512426827278865,
           0.4294314776035841,
           0.651241782374361,
           0.4015701799889153,
           0.6610051975759196,
           0.31322454611433614
          ],
          [
           0.7508057319256229,
           0.7405604940321244,
           0.9999999999999998,
           0.6518796414848842,
           0.48082838577755393,
           0.5155868004459097,
           0.4766835539396612,
           0.36092336859861346,
           0.6158270771288372,
           0.6650049540929532,
           0.3966687034932701,
           0.4897139127505796,
           0.52936334239017,
           0.5543759304151011,
           0.6014094942034842,
           0.40875172376917246,
           0.49028950742207333,
           0.34641216403010494
          ],
          [
           0.767213735430224,
           0.7267016229177838,
           0.6518796414848842,
           0.9999999999999998,
           0.6129464190344001,
           0.5021695228332519,
           0.4706489199743322,
           0.32716953155039386,
           0.49762986669691633,
           0.6862022261914429,
           0.4897863876062115,
           0.576340213758084,
           0.3546420814611455,
           0.2873035124129316,
           0.6774397351551195,
           0.32755869282319755,
           0.5264925005994036,
           0.3755298377025999
          ],
          [
           0.48652830259469926,
           0.5586952959051646,
           0.48082838577755393,
           0.6129464190344001,
           0.9999999999999999,
           0.2737030534668058,
           0.22150291572363573,
           0.2970721021527748,
           0.4867706253988994,
           0.5632399326495783,
           0.23053568091435417,
           0.30490627968638223,
           0.23315465779182462,
           0.3456006703456045,
           0.3785016379981876,
           0.4854452645841575,
           0.32937304310598525,
           0.23144127463712205
          ],
          [
           0.6413129183085893,
           0.6100347536794244,
           0.5155868004459097,
           0.5021695228332519,
           0.2737030534668058,
           1,
           0.5430343872567932,
           0.5488886796322916,
           0.6043069265257432,
           0.3198965433564019,
           0.5621382353537987,
           0.2971974446838097,
           0.5301671539256879,
           0.40801970726422193,
           0.5356882455628844,
           0.579348689935903,
           0.58952965631628,
           0.22442897920963445
          ],
          [
           0.6508459937621234,
           0.4692820574216333,
           0.4766835539396612,
           0.4706489199743322,
           0.22150291572363573,
           0.5430343872567932,
           1.0000000000000007,
           0.6153546149697444,
           0.40374612805061827,
           0.354018495255009,
           0.4301340902228983,
           0.330869590719128,
           0.4812465132322524,
           0.291550902443942,
           0.4277414111849929,
           0.21254116970817372,
           0.2648870768669649,
           0.2681346155839503
          ],
          [
           0.5665565448600683,
           0.438417777112648,
           0.36092336859861346,
           0.32716953155039386,
           0.2970721021527748,
           0.5488886796322916,
           0.6153546149697444,
           1.0000000000000004,
           0.36110481384867527,
           0.2643563284881647,
           0.40040900722700534,
           0.3473195646957219,
           0.5014918392382244,
           0.28737045778433906,
           0.3157726623370046,
           0.4345029821137359,
           0.2997789197013583,
           0.31902152583479226
          ],
          [
           0.6128775044116601,
           0.5117248048901037,
           0.6158270771288372,
           0.49762986669691633,
           0.4867706253988994,
           0.6043069265257432,
           0.40374612805061827,
           0.36110481384867527,
           1.0000000000000004,
           0.47471618944615246,
           0.42135766715554746,
           0.29028897866709147,
           0.4660245318709981,
           0.3311848116944936,
           0.4659058616357296,
           0.5528245098070984,
           0.3671243783814724,
           0.25296957762302574
          ],
          [
           0.689019087183852,
           0.7075082629675641,
           0.6650049540929532,
           0.6862022261914429,
           0.5632399326495783,
           0.3198965433564019,
           0.354018495255009,
           0.2643563284881647,
           0.47471618944615246,
           1,
           0.39035690282450064,
           0.4790218147184312,
           0.313160371242045,
           0.3015916819598286,
           0.5659727479132095,
           0.26674998927650256,
           0.4069181433774233,
           0.2765921081348424
          ],
          [
           0.6499510971621212,
           0.4382963403697729,
           0.3966687034932701,
           0.4897863876062115,
           0.23053568091435417,
           0.5621382353537987,
           0.4301340902228983,
           0.40040900722700534,
           0.42135766715554746,
           0.39035690282450064,
           1,
           0.28261928936045555,
           0.4607659302861775,
           0.2989856007272376,
           0.4841835843671449,
           0.29907212854312615,
           0.3134184977806839,
           0.2987134214742565
          ],
          [
           0.5660967901834226,
           0.4733968196111072,
           0.4897139127505796,
           0.576340213758084,
           0.30490627968638223,
           0.2971974446838097,
           0.330869590719128,
           0.3473195646957219,
           0.29028897866709147,
           0.4790218147184312,
           0.28261928936045555,
           1.0000000000000004,
           0.2851131955357842,
           0.27692832327054856,
           0.4384303793965846,
           0.20195396445372074,
           0.30247283774882605,
           0.36227473394226795
          ],
          [
           0.521390378488162,
           0.42512426827278865,
           0.52936334239017,
           0.3546420814611455,
           0.23315465779182462,
           0.5301671539256879,
           0.4812465132322524,
           0.5014918392382244,
           0.4660245318709981,
           0.313160371242045,
           0.4607659302861775,
           0.2851131955357842,
           0.9999999999999999,
           0.4640421171961475,
           0.4385818835317179,
           0.33415720026030027,
           0.295354325060813,
           0.21436634158221507
          ],
          [
           0.3817610728655956,
           0.4294314776035841,
           0.5543759304151011,
           0.2873035124129316,
           0.3456006703456045,
           0.40801970726422193,
           0.291550902443942,
           0.28737045778433906,
           0.3311848116944936,
           0.3015916819598286,
           0.2989856007272376,
           0.27692832327054856,
           0.4640421171961475,
           0.9999999999999996,
           0.3806733769887384,
           0.3527246141393988,
           0.36115784451490635,
           0.2869278883310516
          ],
          [
           0.7013550586197084,
           0.651241782374361,
           0.6014094942034842,
           0.6774397351551195,
           0.3785016379981876,
           0.5356882455628844,
           0.4277414111849929,
           0.3157726623370046,
           0.4659058616357296,
           0.5659727479132095,
           0.4841835843671449,
           0.4384303793965846,
           0.4385818835317179,
           0.3806733769887384,
           0.9999999999999999,
           0.35001707343906413,
           0.4970776737268372,
           0.4190012166704271
          ],
          [
           0.3476349737670553,
           0.4015701799889153,
           0.40875172376917246,
           0.32755869282319755,
           0.4854452645841575,
           0.579348689935903,
           0.21254116970817372,
           0.4345029821137359,
           0.5528245098070984,
           0.26674998927650256,
           0.29907212854312615,
           0.20195396445372074,
           0.33415720026030027,
           0.3527246141393988,
           0.35001707343906413,
           1.0000000000000002,
           0.36221530692892323,
           0.16832190455854967
          ],
          [
           0.5157821557300566,
           0.6610051975759196,
           0.49028950742207333,
           0.5264925005994036,
           0.32937304310598525,
           0.58952965631628,
           0.2648870768669649,
           0.2997789197013583,
           0.3671243783814724,
           0.4069181433774233,
           0.3134184977806839,
           0.30247283774882605,
           0.295354325060813,
           0.36115784451490635,
           0.4970776737268372,
           0.36221530692892323,
           0.9999999999999997,
           0.31638213323015885
          ],
          [
           0.5293769322851083,
           0.31322454611433614,
           0.34641216403010494,
           0.3755298377025999,
           0.23144127463712205,
           0.22442897920963445,
           0.2681346155839503,
           0.31902152583479226,
           0.25296957762302574,
           0.2765921081348424,
           0.2987134214742565,
           0.36227473394226795,
           0.21436634158221507,
           0.2869278883310516,
           0.4190012166704271,
           0.16832190455854967,
           0.31638213323015885,
           1.0000000000000009
          ]
         ]
        }
       ],
       "layout": {
        "coloraxis": {
         "colorbar": {
          "title": {
           "text": "Similarity Score"
          }
         },
         "colorscale": [
          [
           0,
           "rgb(247,252,240)"
          ],
          [
           0.125,
           "rgb(224,243,219)"
          ],
          [
           0.25,
           "rgb(204,235,197)"
          ],
          [
           0.375,
           "rgb(168,221,181)"
          ],
          [
           0.5,
           "rgb(123,204,196)"
          ],
          [
           0.625,
           "rgb(78,179,211)"
          ],
          [
           0.75,
           "rgb(43,140,190)"
          ],
          [
           0.875,
           "rgb(8,104,172)"
          ],
          [
           1,
           "rgb(8,64,129)"
          ]
         ]
        },
        "height": 800,
        "hoverlabel": {
         "bgcolor": "white",
         "font": {
          "family": "Rockwell",
          "size": 16
         }
        },
        "legend": {
         "title": {
          "text": "Trend"
         }
        },
        "margin": {
         "t": 60
        },
        "showlegend": true,
        "template": {
         "data": {
          "bar": [
           {
            "error_x": {
             "color": "#2a3f5f"
            },
            "error_y": {
             "color": "#2a3f5f"
            },
            "marker": {
             "line": {
              "color": "#E5ECF6",
              "width": 0.5
             },
             "pattern": {
              "fillmode": "overlay",
              "size": 10,
              "solidity": 0.2
             }
            },
            "type": "bar"
           }
          ],
          "barpolar": [
           {
            "marker": {
             "line": {
              "color": "#E5ECF6",
              "width": 0.5
             },
             "pattern": {
              "fillmode": "overlay",
              "size": 10,
              "solidity": 0.2
             }
            },
            "type": "barpolar"
           }
          ],
          "carpet": [
           {
            "aaxis": {
             "endlinecolor": "#2a3f5f",
             "gridcolor": "white",
             "linecolor": "white",
             "minorgridcolor": "white",
             "startlinecolor": "#2a3f5f"
            },
            "baxis": {
             "endlinecolor": "#2a3f5f",
             "gridcolor": "white",
             "linecolor": "white",
             "minorgridcolor": "white",
             "startlinecolor": "#2a3f5f"
            },
            "type": "carpet"
           }
          ],
          "choropleth": [
           {
            "colorbar": {
             "outlinewidth": 0,
             "ticks": ""
            },
            "type": "choropleth"
           }
          ],
          "contour": [
           {
            "colorbar": {
             "outlinewidth": 0,
             "ticks": ""
            },
            "colorscale": [
             [
              0,
              "#0d0887"
             ],
             [
              0.1111111111111111,
              "#46039f"
             ],
             [
              0.2222222222222222,
              "#7201a8"
             ],
             [
              0.3333333333333333,
              "#9c179e"
             ],
             [
              0.4444444444444444,
              "#bd3786"
             ],
             [
              0.5555555555555556,
              "#d8576b"
             ],
             [
              0.6666666666666666,
              "#ed7953"
             ],
             [
              0.7777777777777778,
              "#fb9f3a"
             ],
             [
              0.8888888888888888,
              "#fdca26"
             ],
             [
              1,
              "#f0f921"
             ]
            ],
            "type": "contour"
           }
          ],
          "contourcarpet": [
           {
            "colorbar": {
             "outlinewidth": 0,
             "ticks": ""
            },
            "type": "contourcarpet"
           }
          ],
          "heatmap": [
           {
            "colorbar": {
             "outlinewidth": 0,
             "ticks": ""
            },
            "colorscale": [
             [
              0,
              "#0d0887"
             ],
             [
              0.1111111111111111,
              "#46039f"
             ],
             [
              0.2222222222222222,
              "#7201a8"
             ],
             [
              0.3333333333333333,
              "#9c179e"
             ],
             [
              0.4444444444444444,
              "#bd3786"
             ],
             [
              0.5555555555555556,
              "#d8576b"
             ],
             [
              0.6666666666666666,
              "#ed7953"
             ],
             [
              0.7777777777777778,
              "#fb9f3a"
             ],
             [
              0.8888888888888888,
              "#fdca26"
             ],
             [
              1,
              "#f0f921"
             ]
            ],
            "type": "heatmap"
           }
          ],
          "heatmapgl": [
           {
            "colorbar": {
             "outlinewidth": 0,
             "ticks": ""
            },
            "colorscale": [
             [
              0,
              "#0d0887"
             ],
             [
              0.1111111111111111,
              "#46039f"
             ],
             [
              0.2222222222222222,
              "#7201a8"
             ],
             [
              0.3333333333333333,
              "#9c179e"
             ],
             [
              0.4444444444444444,
              "#bd3786"
             ],
             [
              0.5555555555555556,
              "#d8576b"
             ],
             [
              0.6666666666666666,
              "#ed7953"
             ],
             [
              0.7777777777777778,
              "#fb9f3a"
             ],
             [
              0.8888888888888888,
              "#fdca26"
             ],
             [
              1,
              "#f0f921"
             ]
            ],
            "type": "heatmapgl"
           }
          ],
          "histogram": [
           {
            "marker": {
             "pattern": {
              "fillmode": "overlay",
              "size": 10,
              "solidity": 0.2
             }
            },
            "type": "histogram"
           }
          ],
          "histogram2d": [
           {
            "colorbar": {
             "outlinewidth": 0,
             "ticks": ""
            },
            "colorscale": [
             [
              0,
              "#0d0887"
             ],
             [
              0.1111111111111111,
              "#46039f"
             ],
             [
              0.2222222222222222,
              "#7201a8"
             ],
             [
              0.3333333333333333,
              "#9c179e"
             ],
             [
              0.4444444444444444,
              "#bd3786"
             ],
             [
              0.5555555555555556,
              "#d8576b"
             ],
             [
              0.6666666666666666,
              "#ed7953"
             ],
             [
              0.7777777777777778,
              "#fb9f3a"
             ],
             [
              0.8888888888888888,
              "#fdca26"
             ],
             [
              1,
              "#f0f921"
             ]
            ],
            "type": "histogram2d"
           }
          ],
          "histogram2dcontour": [
           {
            "colorbar": {
             "outlinewidth": 0,
             "ticks": ""
            },
            "colorscale": [
             [
              0,
              "#0d0887"
             ],
             [
              0.1111111111111111,
              "#46039f"
             ],
             [
              0.2222222222222222,
              "#7201a8"
             ],
             [
              0.3333333333333333,
              "#9c179e"
             ],
             [
              0.4444444444444444,
              "#bd3786"
             ],
             [
              0.5555555555555556,
              "#d8576b"
             ],
             [
              0.6666666666666666,
              "#ed7953"
             ],
             [
              0.7777777777777778,
              "#fb9f3a"
             ],
             [
              0.8888888888888888,
              "#fdca26"
             ],
             [
              1,
              "#f0f921"
             ]
            ],
            "type": "histogram2dcontour"
           }
          ],
          "mesh3d": [
           {
            "colorbar": {
             "outlinewidth": 0,
             "ticks": ""
            },
            "type": "mesh3d"
           }
          ],
          "parcoords": [
           {
            "line": {
             "colorbar": {
              "outlinewidth": 0,
              "ticks": ""
             }
            },
            "type": "parcoords"
           }
          ],
          "pie": [
           {
            "automargin": true,
            "type": "pie"
           }
          ],
          "scatter": [
           {
            "fillpattern": {
             "fillmode": "overlay",
             "size": 10,
             "solidity": 0.2
            },
            "type": "scatter"
           }
          ],
          "scatter3d": [
           {
            "line": {
             "colorbar": {
              "outlinewidth": 0,
              "ticks": ""
             }
            },
            "marker": {
             "colorbar": {
              "outlinewidth": 0,
              "ticks": ""
             }
            },
            "type": "scatter3d"
           }
          ],
          "scattercarpet": [
           {
            "marker": {
             "colorbar": {
              "outlinewidth": 0,
              "ticks": ""
             }
            },
            "type": "scattercarpet"
           }
          ],
          "scattergeo": [
           {
            "marker": {
             "colorbar": {
              "outlinewidth": 0,
              "ticks": ""
             }
            },
            "type": "scattergeo"
           }
          ],
          "scattergl": [
           {
            "marker": {
             "colorbar": {
              "outlinewidth": 0,
              "ticks": ""
             }
            },
            "type": "scattergl"
           }
          ],
          "scattermapbox": [
           {
            "marker": {
             "colorbar": {
              "outlinewidth": 0,
              "ticks": ""
             }
            },
            "type": "scattermapbox"
           }
          ],
          "scatterpolar": [
           {
            "marker": {
             "colorbar": {
              "outlinewidth": 0,
              "ticks": ""
             }
            },
            "type": "scatterpolar"
           }
          ],
          "scatterpolargl": [
           {
            "marker": {
             "colorbar": {
              "outlinewidth": 0,
              "ticks": ""
             }
            },
            "type": "scatterpolargl"
           }
          ],
          "scatterternary": [
           {
            "marker": {
             "colorbar": {
              "outlinewidth": 0,
              "ticks": ""
             }
            },
            "type": "scatterternary"
           }
          ],
          "surface": [
           {
            "colorbar": {
             "outlinewidth": 0,
             "ticks": ""
            },
            "colorscale": [
             [
              0,
              "#0d0887"
             ],
             [
              0.1111111111111111,
              "#46039f"
             ],
             [
              0.2222222222222222,
              "#7201a8"
             ],
             [
              0.3333333333333333,
              "#9c179e"
             ],
             [
              0.4444444444444444,
              "#bd3786"
             ],
             [
              0.5555555555555556,
              "#d8576b"
             ],
             [
              0.6666666666666666,
              "#ed7953"
             ],
             [
              0.7777777777777778,
              "#fb9f3a"
             ],
             [
              0.8888888888888888,
              "#fdca26"
             ],
             [
              1,
              "#f0f921"
             ]
            ],
            "type": "surface"
           }
          ],
          "table": [
           {
            "cells": {
             "fill": {
              "color": "#EBF0F8"
             },
             "line": {
              "color": "white"
             }
            },
            "header": {
             "fill": {
              "color": "#C8D4E3"
             },
             "line": {
              "color": "white"
             }
            },
            "type": "table"
           }
          ]
         },
         "layout": {
          "annotationdefaults": {
           "arrowcolor": "#2a3f5f",
           "arrowhead": 0,
           "arrowwidth": 1
          },
          "autotypenumbers": "strict",
          "coloraxis": {
           "colorbar": {
            "outlinewidth": 0,
            "ticks": ""
           }
          },
          "colorscale": {
           "diverging": [
            [
             0,
             "#8e0152"
            ],
            [
             0.1,
             "#c51b7d"
            ],
            [
             0.2,
             "#de77ae"
            ],
            [
             0.3,
             "#f1b6da"
            ],
            [
             0.4,
             "#fde0ef"
            ],
            [
             0.5,
             "#f7f7f7"
            ],
            [
             0.6,
             "#e6f5d0"
            ],
            [
             0.7,
             "#b8e186"
            ],
            [
             0.8,
             "#7fbc41"
            ],
            [
             0.9,
             "#4d9221"
            ],
            [
             1,
             "#276419"
            ]
           ],
           "sequential": [
            [
             0,
             "#0d0887"
            ],
            [
             0.1111111111111111,
             "#46039f"
            ],
            [
             0.2222222222222222,
             "#7201a8"
            ],
            [
             0.3333333333333333,
             "#9c179e"
            ],
            [
             0.4444444444444444,
             "#bd3786"
            ],
            [
             0.5555555555555556,
             "#d8576b"
            ],
            [
             0.6666666666666666,
             "#ed7953"
            ],
            [
             0.7777777777777778,
             "#fb9f3a"
            ],
            [
             0.8888888888888888,
             "#fdca26"
            ],
            [
             1,
             "#f0f921"
            ]
           ],
           "sequentialminus": [
            [
             0,
             "#0d0887"
            ],
            [
             0.1111111111111111,
             "#46039f"
            ],
            [
             0.2222222222222222,
             "#7201a8"
            ],
            [
             0.3333333333333333,
             "#9c179e"
            ],
            [
             0.4444444444444444,
             "#bd3786"
            ],
            [
             0.5555555555555556,
             "#d8576b"
            ],
            [
             0.6666666666666666,
             "#ed7953"
            ],
            [
             0.7777777777777778,
             "#fb9f3a"
            ],
            [
             0.8888888888888888,
             "#fdca26"
            ],
            [
             1,
             "#f0f921"
            ]
           ]
          },
          "colorway": [
           "#636efa",
           "#EF553B",
           "#00cc96",
           "#ab63fa",
           "#FFA15A",
           "#19d3f3",
           "#FF6692",
           "#B6E880",
           "#FF97FF",
           "#FECB52"
          ],
          "font": {
           "color": "#2a3f5f"
          },
          "geo": {
           "bgcolor": "white",
           "lakecolor": "white",
           "landcolor": "#E5ECF6",
           "showlakes": true,
           "showland": true,
           "subunitcolor": "white"
          },
          "hoverlabel": {
           "align": "left"
          },
